TOKEN=2110394941:AAHbxHP_P5_bcD3AblaKxfu1yyhwHSETHuo

CONFIG_ADMIN=417368391

ORDER_ADMINS_GAP_1="400952333, 519804471, 130755453, 1935888234, 684245947, 2146467523, 110630213, 112028196, 1861705792, 866956859, 2034678025, 1024426677, 574966516, 1366972758, 289776530, 148617896, 1535310564, 1228391795, 1081836188, 260700445, 1061545843, 109255563, 2076327799, 99144121, 446722152, 131444268, 313806611"
ORDER_GROUP_CHAT_ID_1=-699093621
ORDER_PAYER_CHAT_ID_1=2130259511

ORDER_ADMINS_GAP_2="737320555, 980450342, 1645166237, 985440407, 1141960568"
ORDER_GROUP_CHAT_ID_2=-714398104
ORDER_PAYER_CHAT_ID_2=829845604

DEBUG=False